0.46280 0.82771 0.41903
0.65033 0.80812 0.31639
0.58133 0.77423 0.17402
0.76236 0.87878 0.60863
0.87835 0.90020 0.35875
0.64090 0.88112 0.50724
0.90354 0.93636 0.25676
0.63192 0.70581 0.09071
0.38675 0.86349 0.11501
0.65453 0.77224 0.12886
0.67524 0.81159 0.22953
0.65233 0.70302 0.48450
0.65498 0.74302 0.21145
0.60320 0.61237 0.36934
0.71156 0.79944 0.35923
0.58717 0.74862 0.39096
0.51412 0.75625 0.26154
0.42482 0.81280 0.22491
0.72593 0.78718 0.27448
0.16626 0.83816 0.16332
0.90236 0.91691 0.46207
0.97057 0.97057 0.14722
0.53795 0.69720 0.43061
0.83656 0.88608 0.19955
0.75137 0.84891 0.17305
0.55969 0.72016 0.50289
0.11078 0.83667 0.05827
0.76994 0.86594 0.31552
0.76479 0.84085 0.51305
0.57309 0.63277 0.49101
0.82257 0.87769 0.51496
0.34246 0.84617 0.28277
0.88446 0.90912 0.25747
0.40077 0.60216 0.36772
0.57036 0.67103 0.10514
0.80920 0.89135 0.23748
0.95185 0.95473 0.17809
0.44042 0.77929 0.19171
0.69797 0.79629 0.32347
0.22623 0.78341 0.01431
0.72918 0.79485 0.59738
0.64523 0.81066 0.58817
0.53035 0.53035 0.34193
0.61795 0.91210 0.18193
0.44992 0.65617 0.30622
0.19560 0.47750 0.03724
0.14299 0.41381 0.04522
0.24268 0.42230 0.06126
0.85791 0.89528 0.42759
0.54438 0.71968 0.31851
0.53736 0.82762 0.48660
0.78581 0.83936 0.37291
0.74643 0.87887 0.70465
0.56272 0.70493 0.27523
0.51663 0.58362 0.48156
0.76183 0.84326 0.41872
0.52217 0.60203 0.43418
0.43651 0.70479 0.33535
0.67715 0.77955 0.50418
0.72140 0.81614 0.45968
0.70792 0.85756 0.19634
0.89199 0.93933 0.37715
0.84710 0.90152 0.15888
0.25179 0.59959 0.08383
0.44235 0.61262 0.13529
0.32468 0.51231 0.03909
0.67586 0.71344 0.03280
0.89100 0.94991 0.35419
0.89774 0.95857 0.26616
0.90865 0.91735 0.21753
0.50228 0.81678 0.09663
0.71636 0.76768 0.32220
0.80540 0.89276 0.14704
0.55664 0.84790 0.09131
0.89660 0.97209 0.47799
0.91682 0.98458 0.04523
0.84532 0.89754 0.17701
0.80871 0.86380 0.08706
0.81949 0.91316 0.12427
0.83338 0.94609 0.08995
0.74066 0.91110 0.34624
0.88069 0.96230 0.10820
0.78353 0.91141 0.36928
0.84384 0.92913 0.03668
0.70004 0.73579 0.21786
0.37235 0.62312 0.20925
0.71886 0.81279 0.27415
0.59249 0.70354 0.14941
0.80444 0.94617 0.11174
0.76031 0.94756 0.11751
0.91286 0.93781 0.39377
0.67287 0.82525 0.44213
0.63176 0.91707 0.40373
0.80112 0.86369 0.38075
0.65410 0.87188 0.28453
0.91697 0.94395 0.43393
0.21688 0.51521 0.00241
0.72470 0.81390 0.43716
0.77441 0.84478 0.34367
0.63627 0.79268 0.33737
0.57756 0.68580 0.28566
0.48207 0.85352 0.44539
0.53357 0.72908 0.29253
0.58384 0.80005 0.18101
0.39228 0.69054 0.30193
0.55135 0.88640 0.52044
0.86254 0.87796 0.69953
0.41750 0.89268 0.39331
0.78887 0.82104 0.34049
0.51028 0.77023 0.21992
0.66114 0.67119 0.63395
0.80699 0.82878 0.71829
0.78445 0.80026 0.61402
0.79603 0.90302 0.54824
0.59571 0.77525 0.43586
0.76915 0.80318 0.63020
0.69674 0.82594 0.60433
0.67696 0.86449 0.59054
0.96256 0.96268 0.84775
0.88910 0.89027 0.80407
0.56374 0.78655 0.51103
0.35869 0.73917 0.31595
0.04063 0.87527 0.03796
0.03973 0.63121 0.03711
0.58573 0.79356 0.53785
0.82241 0.87705 0.74534
0.39266 0.76177 0.34478
0.22159 0.83882 0.18628
0.19460 0.76007 0.18761
0.67597 0.76590 0.57341
0.74863 0.81487 0.49578
0.49297 0.65937 0.19043
0.60870 0.78379 0.44053
0.59477 0.72624 0.14468
0.74326 0.81369 0.68266
0.70017 0.80518 0.22860
0.74749 0.84562 0.46424
0.45862 0.71495 0.15026
0.64340 0.81179 0.34833
0.70859 0.86292 0.55126
0.49502 0.71848 0.27533
0.68876 0.80683 0.43663
0.75403 0.76830 0.72914
0.78665 0.91892 0.66984
0.74292 0.82960 0.56902
0.45023 0.67612 0.31287
0.77959 0.82668 0.53810
0.20701 0.67482 0.16894
0.47745 0.64145 0.38726
0.26750 0.65623 0.17906
0.57139 0.63183 0.37494
0.68294 0.73576 0.57986
0.80181 0.81037 0.69054
0.52664 0.83019 0.48919
0.81990 0.85490 0.51904
0.47794 0.78962 0.40346
0.70963 0.79736 0.43280
0.89368 0.90319 0.54076
0.37982 0.74173 0.30884
0.60953 0.73567 0.51794
0.58466 0.75107 0.30653
0.72372 0.76566 0.44021
0.01861 0.25870 0.00131
0.01708 0.19788 0.00123
0.12807 0.35110 0.03737
0.39401 0.70024 0.04907
0.67223 0.76883 0.56945
0.40703 0.65823 0.30449
0.11720 0.73650 0.10253
0.44188 0.67922 0.29355
0.81523 0.87621 0.81414
0.47647 0.70850 0.45990
0.81476 0.84075 0.81381
0.00000 0.34944 0.00000
0.13369 0.28830 0.06273
0.20990 0.53894 0.13544
0.53798 0.67187 0.25807
0.30525 0.38601 0.15973
0.20597 0.41756 0.13428
0.29329 0.41606 0.14825
0.66844 0.81762 0.54867
0.41870 0.75630 0.33651
0.83015 0.83249 0.19998
0.67747 0.71129 0.66889
0.78623 0.83521 0.50413
0.69518 0.81328 0.40006
0.77201 0.87507 0.60036
0.72157 0.95071 0.71355
0.82875 0.90072 0.75100
0.77660 0.87858 0.64817
0.22601 0.67095 0.22553
0.21748 0.58648 0.13411
0.17637 0.71408 0.16055
0.36453 0.62368 0.24663
0.10376 0.59817 0.06230
0.71223 0.79709 0.56414
0.40848 0.64810 0.40811
0.32250 0.49845 0.29905
0.37002 0.65701 0.36537
0.57968 0.89124 0.54949
0.67458 0.69361 0.65629
0.89195 0.89564 0.63463
0.83039 0.91056 0.75027
0.93319 0.94876 0.87626
0.30068 0.80526 0.30028
0.71290 0.83470 0.54585
0.74835 0.84181 0.48580
0.88361 0.91207 0.26386
0.92638 0.97752 0.36854
0.59027 0.88422 0.56845
0.91593 0.92647 0.41791
0.35189 0.86052 0.28564
0.59443 0.75309 0.02387
0.59487 0.68366 0.53605
0.59504 0.77989 0.22317
0.73120 0.84673 0.45661
0.46234 0.68339 0.31866
0.82757 0.87423 0.28945
0.69385 0.78405 0.62035
0.69214 0.84988 0.41470
0.26390 0.81340 0.21375
0.25153 0.66716 0.22981
0.43705 0.69109 0.28642
0.28846 0.71008 0.23066
0.57815 0.75109 0.41160
0.56791 0.72473 0.32151
0.65418 0.70919 0.41263
0.64929 0.74891 0.30380
0.38542 0.78504 0.30460
0.42644 0.65091 0.25269
