0.97313 0.97491 0.88110
0.99388 0.99394 0.48352
0.98801 0.98807 0.29577
0.98296 0.98304 0.78477
0.99121 0.99121 0.40486
0.98774 0.98980 0.78176
0.99362 0.99362 0.28237
0.92295 0.92332 0.13250
0.99776 0.99857 0.29671
0.96629 0.97570 0.19026
0.93618 0.95252 0.31824
0.97128 0.97239 0.72139
0.99111 0.99111 0.31997
0.97562 0.97562 0.59739
0.99542 0.99542 0.50254
0.96280 0.96295 0.64106
0.99103 0.99130 0.50415
0.94913 0.94938 0.50250
0.95675 0.95933 0.36177
0.98826 0.98876 0.97078
0.98357 0.98388 0.50367
0.99479 0.99479 0.15092
0.95389 0.95429 0.76356
0.99808 0.99808 0.23808
0.99154 0.99159 0.22838
0.93830 0.94074 0.84308
0.98228 0.98238 0.51670
0.98232 0.98236 0.40257
0.98421 0.98423 0.66026
0.98240 0.98404 0.84171
0.99017 0.99072 0.61990
0.99285 0.99285 0.81979
0.98795 0.98795 0.28760
0.92840 0.92855 0.85185
0.99672 0.99672 0.18374
0.99519 0.99529 0.29207
0.99235 0.99235 0.18568
0.98024 0.98024 0.42671
0.98582 0.98582 0.45688
0.93356 0.98055 0.05905
0.97725 0.97747 0.80063
0.98019 0.98104 0.89351
0.99824 0.99824 0.64360
0.99372 0.99388 0.29258
0.94843 0.96029 0.64551
0.94680 0.94680 0.18025
0.92989 0.93034 0.29410
0.96414 0.96414 0.24336
0.99532 0.99532 0.49607
0.97815 0.97861 0.57230
0.99005 0.99282 0.89654
0.99261 0.99261 0.47104
0.97707 0.98929 0.92238
0.95000 0.95029 0.46466
0.95182 0.95199 0.88722
0.98211 0.98230 0.53980
0.97756 0.97808 0.81282
0.98342 0.98343 0.75551
0.97640 0.97640 0.72701
0.98903 0.98903 0.63023
0.99291 0.99438 0.27540
0.99899 0.99906 0.42240
0.95994 0.96088 0.18004
0.98218 0.98312 0.32702
0.95600 0.95650 0.29239
0.92536 0.92536 0.11141
0.94558 0.94577 0.04590
0.99704 0.99710 0.39635
0.99774 0.99776 0.29581
0.98788 0.98793 0.23650
0.99784 0.99804 0.19197
0.97571 0.97741 0.43885
0.93656 0.96654 0.17099
0.99833 0.99853 0.16377
0.99428 0.99455 0.53007
0.99739 0.99739 0.04920
0.98610 0.99010 0.20649
0.97860 0.98628 0.10535
0.99562 0.99704 0.15098
0.98540 0.99453 0.10636
0.98700 0.98884 0.46139
0.99835 0.99835 0.12265
0.98484 0.98668 0.46416
0.99836 0.99836 0.04339
0.98209 0.98577 0.30565
0.95814 0.95869 0.53848
0.99618 0.99620 0.37991
0.96935 0.97265 0.24445
0.99812 0.99812 0.13865
0.99794 0.99794 0.15425
0.96988 0.97937 0.41837
0.96983 0.97004 0.63727
0.98166 0.98297 0.62734
0.96210 0.96519 0.45727
0.97543 0.97672 0.42431
0.96728 0.98136 0.45775
0.45437 0.68793 0.00506
0.95494 0.95721 0.57606
0.98334 0.98348 0.43640
0.92036 0.93147 0.48801
0.91749 0.92244 0.45380
0.97289 0.97320 0.89889
0.96358 0.97021 0.52830
0.97439 0.97537 0.30211
0.93932 0.94061 0.72299
0.99159 0.99175 0.93608
0.98391 0.98391 0.79803
0.98975 0.98975 0.93249
0.95988 0.96062 0.41438
0.98926 0.98926 0.42643
0.97774 0.97777 0.93756
0.96427 0.96446 0.85831
0.96042 0.96042 0.75178
0.93519 0.95366 0.64419
0.96841 0.96971 0.70865
0.99780 0.99780 0.81764
0.80785 0.90148 0.70081
0.82110 0.92684 0.71639
0.99266 0.99266 0.87436
0.98699 0.98699 0.89271
0.98947 0.98947 0.89705
0.97978 0.98700 0.86313
0.96436 0.99228 0.90098
0.99501 0.99501 0.92950
0.99596 0.99596 0.91465
0.99462 0.99462 0.90151
0.99795 0.99795 0.87638
0.99344 0.99344 0.83524
0.98191 0.98191 0.94675
0.97340 0.97368 0.82580
0.97057 0.97069 0.64284
0.70260 0.80933 0.27146
0.92626 0.93121 0.67041
0.76937 0.86797 0.18720
0.98076 0.98086 0.90084
0.84421 0.93416 0.27563
0.96356 0.96404 0.59844
0.64392 0.85222 0.21097
0.94926 0.94972 0.51391
0.96307 0.97067 0.74923
0.70011 0.84724 0.38945
0.95271 0.96001 0.60400
0.99368 0.99368 0.96091
0.98647 0.98973 0.84002
0.98627 0.98627 0.75543
0.95672 0.95684 0.66483
0.97047 0.97107 0.66984
0.94519 0.94519 0.77153
0.95613 0.95613 0.77569
0.87807 0.87883 0.58777
0.92035 0.92060 0.60392
0.96822 0.96841 0.82211
0.97454 0.97551 0.83933
0.98222 0.98425 0.91244
0.97521 0.97633 0.61742
0.95768 0.95790 0.80847
0.97479 0.97487 0.59455
0.98047 0.98047 0.59329
0.99364 0.99364 0.80800
0.97181 0.97181 0.82582
0.92273 0.92524 0.48381
0.98286 0.98286 0.59788
0.50180 0.59304 0.03547
0.41637 0.52650 0.03000
0.80790 0.82445 0.23581
0.95611 0.95611 0.11911
0.98035 0.98052 0.83052
0.95541 0.95541 0.71479
0.97893 0.97910 0.85652
0.95509 0.95509 0.63464
0.97917 0.98534 0.97804
0.94329 0.94398 0.91065
0.98451 0.98467 0.98336
0.31351 0.51053 0.04226
0.85745 0.88511 0.40250
0.87004 0.87442 0.56156
0.92681 0.94866 0.44476
0.85882 0.86264 0.44958
0.96733 0.96835 0.63078
0.98815 0.98815 0.49967
0.98194 0.98194 0.80604
0.71698 0.84614 0.57628
0.96330 0.96330 0.23210
0.98017 0.98023 0.96778
0.96676 0.97221 0.61991
0.97638 0.97638 0.56191
0.96883 0.97781 0.75343
0.99921 0.99921 0.98812
0.96124 0.97750 0.87107
0.95839 0.97722 0.79990
0.97452 0.97472 0.97255
0.85698 0.88611 0.52856
0.97298 0.97882 0.88566
0.93491 0.93564 0.63271
0.96982 0.97001 0.58237
0.98178 0.98193 0.77777
0.97759 0.97759 0.97672
0.95123 0.95171 0.88229
0.98956 0.98956 0.97712
0.97466 0.97509 0.92399
0.98800 0.98803 0.96125
0.96295 0.96327 0.68518
0.98779 0.98794 0.89261
0.99023 0.99023 0.92996
0.98902 0.98986 0.98788
0.97708 0.97775 0.74815
0.97842 0.97867 0.63517
0.98718 0.98721 0.29479
0.99560 0.99772 0.39609
0.98108 0.99078 0.94480
0.98594 0.98615 0.44985
0.98515 0.98571 0.79969
0.98976 0.98976 0.03975
0.98560 0.98645 0.88815
0.97960 0.97960 0.36741
0.99056 0.99059 0.61857
0.99832 0.99832 0.68807
0.97546 0.97560 0.34118
0.98195 0.98913 0.87792
0.98660 0.98671 0.59113
0.97256 0.97363 0.78774
0.95512 0.95880 0.87264
0.89488 0.90674 0.58646
0.98296 0.98392 0.78599
0.95445 0.95450 0.67950
0.97906 0.97915 0.55430
0.95117 0.96292 0.59996
0.98411 0.98411 0.46046
0.95622 0.95622 0.75572
0.94844 0.94899 0.56200
