0.00000 0.00512 0.07317
0.00000 0.00010 0.50377
0.00000 0.00226 0.68766
0.00000 0.00342 0.18416
0.00000 0.00004 0.56195
0.00000 0.00071 0.20856
0.00000 0.00038 0.71583
0.00000 0.01123 0.85109
0.00000 0.00013 0.70183
0.00000 0.00129 0.80257
0.00008 0.01525 0.65709
0.00000 0.00223 0.21234
0.00000 0.00127 0.65784
0.00001 0.00132 0.36866
0.00000 0.00041 0.46285
0.00000 0.00719 0.29647
0.00000 0.00052 0.47349
0.00015 0.00357 0.43330
0.00000 0.00296 0.58362
0.00000 0.00058 0.01758
0.00000 0.00062 0.47886
0.00000 0.00026 0.84106
0.00000 0.00408 0.11978
0.00000 0.00009 0.75563
0.00000 0.00023 0.76638
0.00019 0.00808 0.09106
0.00013 0.00270 0.43390
0.00000 0.00127 0.58645
0.00000 0.00080 0.30766
0.00000 0.00350 0.12390
0.00000 0.00052 0.35965
0.00000 0.00034 0.17210
0.00000 0.00051 0.70011
0.00045 0.00874 0.06993
0.00000 0.00036 0.81532
0.00000 0.00010 0.70521
0.00000 0.00021 0.80980
0.00000 0.00093 0.56438
0.00000 0.00081 0.50242
0.00000 0.00078 0.93203
0.00000 0.00195 0.16594
0.00000 0.00296 0.08297
0.00000 0.00023 0.35527
0.00000 0.00008 0.69984
0.00000 0.00215 0.31882
0.00000 0.00686 0.79256
0.00000 0.01000 0.64151
0.00000 0.00888 0.71798
0.00000 0.00099 0.49384
0.00000 0.00139 0.41349
0.00000 0.00072 0.09252
0.00000 0.00081 0.51687
0.00001 0.00124 0.05116
0.00000 0.00335 0.48317
0.00003 0.00646 0.05476
0.00000 0.00046 0.42777
0.00012 0.00153 0.10576
0.00000 0.00087 0.13787
0.00000 0.00099 0.20507
0.00000 0.00064 0.33232
0.00000 0.00026 0.70927
0.00000 0.00012 0.57614
0.00000 0.00239 0.81243
0.00000 0.00240 0.66559
0.00000 0.00337 0.63696
0.00000 0.00725 0.85989
0.00000 0.00124 0.94818
0.00000 0.00042 0.60151
0.00000 0.00018 0.70335
0.00000 0.00046 0.75880
0.00000 0.00135 0.80740
0.00007 0.00271 0.54692
0.00000 0.00213 0.81536
0.00000 0.00018 0.83551
0.00000 0.00021 0.46599
0.00000 0.00006 0.95067
0.00000 0.00042 0.78179
0.00000 0.00033 0.88602
0.00000 0.00060 0.84444
0.00000 0.00084 0.89009
0.00000 0.00171 0.52864
0.00000 0.00002 0.87495
0.00000 0.00223 0.52378
0.00000 0.00000 0.95620
0.00000 0.00123 0.68859
0.00000 0.01187 0.41802
0.00000 0.00180 0.61196
0.00000 0.00172 0.73367
0.00000 0.00000 0.86103
0.00000 0.00000 0.84529
0.00000 0.00175 0.56401
0.00006 0.00457 0.33821
0.00000 0.00128 0.35831
0.00005 0.00443 0.50335
0.00000 0.00350 0.54004
0.00000 0.00380 0.52403
0.00000 0.01276 0.98372
0.00000 0.00480 0.39194
0.00000 0.00336 0.55523
0.00010 0.01178 0.44694
0.00000 0.02692 0.48106
0.00003 0.00240 0.07341
0.00000 0.00202 0.42963
0.00000 0.00136 0.67941
0.00016 0.01028 0.19663
0.00000 0.00008 0.05605
0.00000 0.00029 0.15731
0.00000 0.00042 0.05793
0.00000 0.00055 0.56264
0.00000 0.00056 0.56192
0.00000 0.00764 0.02010
0.00000 0.00545 0.10411
0.00000 0.00565 0.21095
0.00000 0.00123 0.28912
0.00000 0.00101 0.23760
0.00000 0.00000 0.17822
0.00000 0.00868 0.11906
0.00000 0.00656 0.11864
0.00000 0.00036 0.11927
0.00000 0.00000 0.09563
0.00000 0.00047 0.08047
0.00000 0.00144 0.11493
0.00000 0.00034 0.06563
0.00000 0.00079 0.06330
0.00000 0.00000 0.08174
0.00000 0.00000 0.09341
0.00000 0.00000 0.11906
0.00000 0.00013 0.15649
0.00000 0.00336 0.03574
0.00000 0.00316 0.12142
0.00000 0.00048 0.31377
0.00000 0.02745 0.52044
0.00000 0.01451 0.26122
0.00000 0.01494 0.73249
0.00000 0.00341 0.07150
0.00030 0.00588 0.64325
0.00000 0.00190 0.37033
0.00108 0.01328 0.60098
0.00000 0.00589 0.45062
0.00000 0.00274 0.21578
0.00061 0.01872 0.38386
0.00000 0.00456 0.35720
0.00000 0.00207 0.03284
0.00000 0.00070 0.14835
0.00000 0.00067 0.23388
0.00000 0.00084 0.29749
0.00000 0.00036 0.26475
0.00000 0.00958 0.12837
0.00000 0.01374 0.12022
0.00007 0.01713 0.24998
0.00000 0.00496 0.29997
0.00000 0.00849 0.14147
0.00000 0.00452 0.13430
0.00000 0.00139 0.05894
0.00000 0.00149 0.36219
0.00000 0.00397 0.14033
0.00000 0.00352 0.38803
0.00000 0.00212 0.37122
0.00000 0.00000 0.18675
0.00000 0.00122 0.12700
0.00000 0.01835 0.28581
0.00000 0.01581 0.31466
0.00000 0.07503 0.90864
0.00000 0.06007 0.90610
0.00000 0.01554 0.68623
0.00000 0.00000 0.80661
0.00000 0.00106 0.14950
0.00000 0.00501 0.20588
0.00000 0.00000 0.12359
0.00000 0.00308 0.31344
0.00000 0.00017 0.00133
0.00000 0.00259 0.01281
0.00000 0.01116 0.00083
0.00000 0.00372 0.80017
0.00000 0.01738 0.44060
0.00000 0.01625 0.29318
0.00000 0.03885 0.29834
0.00000 0.02289 0.24942
0.00000 0.00383 0.25790
0.00000 0.00000 0.48486
0.00000 0.00148 0.17558
0.00000 0.01186 0.16999
0.00000 0.00504 0.74974
0.00000 0.00368 0.01141
0.00000 0.00414 0.35472
0.00000 0.00243 0.40833
0.00000 0.00219 0.21747
0.00000 0.00000 0.01111
0.00000 0.00232 0.08702
0.00000 0.00217 0.16031
0.00000 0.00061 0.00111
0.00000 0.02242 0.33562
0.00000 0.00073 0.04471
0.00000 0.00786 0.30996
0.00000 0.00242 0.38609
0.00000 0.00014 0.19248
0.00000 0.00155 0.00000
0.00000 0.00789 0.06163
0.00000 0.00105 0.01257
0.00000 0.00060 0.05207
0.00000 0.00993 0.01994
0.00000 0.00210 0.28606
0.00000 0.00162 0.09583
0.00000 0.00028 0.06021
0.00000 0.00033 0.00133
0.00000 0.00432 0.22253
0.00000 0.00212 0.33976
0.00000 0.00012 0.68904
0.00000 0.00007 0.60217
0.00000 0.00036 0.03655
0.00000 0.00091 0.53681
0.00000 0.00074 0.18725
0.00000 0.00000 0.95979
0.00000 0.00241 0.09424
0.00000 0.00043 0.61313
0.00000 0.00069 0.36711
0.00000 0.00000 0.31075
0.00000 0.00007 0.63755
0.00000 0.00108 0.10545
0.00000 0.00019 0.38261
0.00038 0.00359 0.15181
0.00000 0.00523 0.07731
0.00027 0.00963 0.33387
0.00002 0.00140 0.18409
0.00002 0.00529 0.28167
0.00000 0.00220 0.41198
0.00009 0.00259 0.34084
0.00000 0.00182 0.52564
0.00000 0.00521 0.18811
0.00000 0.00531 0.36100
